0.24
0.36
0.3
0.24
0.28
0.3
0.325
0.1
0.38
0.2
0.26
0.3
0.4
0.42
0.28
0.28
0.34
0.34
0.34
0.44
0.32
0.26
0.3
0.38
0.34
0.38
0.28
0.36
0.32
0.26
0.46
0.3
0.2
0.26
0.28
0.36
0.36
0.34
0.32
0.2
0.22
0.36
0.26
0.3
0.2
0.4
0.4
0.36
0.34
0.36
0.26
0.3
0.32
0.24
0.26
0.32
0.38
0.38
0.28
0.42
0.52
0.36
0.3
0.4
0.32
0.44
0.5
0.5
0.3
0.44
0.54
0.42
0.36
0.24
0.36
0.34
0.44
0.46
0.38
0.46
0.42
0.38
0.46
0.46
0.34
0.38
0.36
0.42
0.46
0.5
0.44
0.52
0.375
0.42
0.35
0.32
0.42
0.46
0.4
0.54
0.46
0.42
0.34
0.38
0.425
0.48
0.52
0.42
0.28
0.3
0.4
0.34
0.4
0.35
0.32
0.32
0.34
0.48
0.4
0.4
0.3
0.4
0.36
0.44
0.32
0.36
0.38
0.48
0.42
0.56
0.38
0.52
0.54
0.62
0.48
0.46
0.5
0.46
0.5
0.58
0.56
0.42
0.48
0.56
0.48
0.58
0.44
0.45
0.4
0.54
0.6
0.42
0.45
0.52
0.48
0.44
0.46
0.42
0.52
0.58
0.48
0.5
0.46
0.52
0.56
0.44
0.42
0.5
0.44
0.38
0.48
0.45
0.44
0.46
0.44
0.5
0.42
0.56
0.58
0.54
0.52
0.44
0.5
0.44
0.5
0.52
0.48
0.54
0.48
0.48
0.46
0.54
0.38
0.5
0.38
0.56
0.54
0.46
0.44
0.4
0.38
0.48
0.64
0.42
0.48
0.44
0.62
0.54
0.54
0.54
0.58
0.64
0.56
0.62
0.6
0.58
0.56
0.62
0.66
0.66
0.5
0.56
0.42
0.52
0.58
0.56
0.58
0.64
0.52
0.62
0.6
0.56
0.54
0.5
0.58
0.54
0.5
0.6
0.54
0.54
0.66
0.52
0.62
0.56
0.6
0.5
0.4
0.68
0.6
0.74
0.72
0.68
0.66
0.56
0.5
0.625
0.68
0.76
0.64
0.75
0.62
0.68
0.7
0.7
0.64
0.6
0.66
0.58
0.6
0.6
0.6
0.64
0.76
0.68
0.8
0.64
0.72
0.78
0.76
0.76
0.68
0.6
0.6
0.82
0.76
0.72
0.7
0.64
0.74
0.74
0.8
0.8
0.74
0.68
0.8
0.74
0.825
0.76
0.74
0.74
0.86
0.86
0.7
0.34
0.34
0.16
0.2
0.28
0.12
0.28
0.3
0.32
0.12
0.28
0.1
0.46
0.34
0.3
0.38
0.28
0.38
0.34
0.36
0.32
0.4
0.18
0.26
0.44
0.32
0.3
0.28
0.36
0.28
0.46
0.26
0.34
0.46
0.44
0.18
0.36
0.44
0.42
0.38
0.36
0.32
0.54
0.4
0.34
0.38
0.4
0.34
0.34
0.44
0.375
0.32
0.34
0.44
0.4
0.36
0.44
0.4
0.32
0.54
0.54
0.4
0.34
0.36
0.3
0.52
0.52
0.42
0.34
0.34
0.36
0.4
0.54
0.34
0.42
0.46
0.42
0.42
0.38
0.46
0.56
0.46
0.36
0.46
0.44
0.5
0.48
0.46
0.4
0.4
0.48
0.46
0.54
0.58
0.42
0.54
0.44
0.44
0.5
0.5
0.4
0.42
0.54
0.48
0.38
0.58
0.48
0.48
0.48
0.48
0.52
0.46
0.52
0.48
0.42
0.48
0.4
0.56
0.52
0.5
0.5
0.475
0.46
0.58
0.46
0.6
0.54
0.56
0.48
0.52
0.4
0.5
0.5
0.44
0.48
0.4
0.5
0.52
0.54
0.48
0.58
0.56
0.62
0.56
0.6
0.5
0.58
0.62
0.62
0.75
0.66
0.68
0.5
0.54
0.58
0.54
0.58
0.48
0.72
0.48
0.54
0.56
0.48
0.56
0.62
0.58
0.54
0.52
0.58
0.56
0.6
0.6
0.38
0.62
0.66
0.62
0.58
0.5
0.6
0.6
0.54
0.62
0.6
0.6
0.525
0.6
0.62
0.74
0.675
0.62
0.6
0.7
0.64
0.68
0.68
0.72
0.66
0.65
0.64
0.62
0.62
0.7
0.66
0.64
0.62
0.58
0.68
0.72
0.64
0.7
0.58
0.68
0.72
0.68
0.68
0.64
0.58
0.76
0.66
0.62
0.62
0.66
0.68
0.68
0.66
0.52
0.7
0.62
0.7
0.54
0.64
0.62
0.62
0.62
0.64
0.68
0.62
0.7
0.68
0.64
0.6
0.72
0.74
0.72
0.7
0.7
0.72
0.78
0.74
0.7
0.78
0.7
0.68
0.78
0.74
0.78
0.78
0.82
0.68
0.78
0.68
0.74
0.76
0.76
0.7
0.65
0.82
0.78
0.72
0.88
0.78
0.76
0.8
0.84
0.78
0.82
0.88
0.8
0.72
0.8
0.88
0.88
0.92
0.98
0.9
0.9
0.82
0.86
0.82
0.92
0.2
0.04
0.18
0.22
0.24
0.28
0.16
0.16
0.28
0.18
0.36
0.26
0.26
0.28
0.4
0.28
0.24
0.175
0.28
0.3
0.28
0.42
0.38
0.3
0.4
0.3
0.32
0.24
0.36
0.24
0.48
0.36
0.24
0.4
0.26
0.34
0.24
0.36
0.3
0.3
0.38
0.46
0.3
0.4
0.34
0.4
0.42
0.28
0.36
0.36
0.42
0.56
0.48
0.34
0.4
0.34
0.5
0.48
0.52
0.46
0.44
0.36
0.46
0.44
0.4
0.38
0.48
0.54
0.42
0.36
0.5
0.46
0.46
0.42
0.44
0.46
0.44
0.46
0.52
0.5
0.46
0.4
0.5
0.44
0.42
0.4
0.4
0.54
0.46
0.52
0.44
0.42
0.48
0.62
0.42
0.46
0.54
0.54
0.52
0.46
0.5
0.5
0.5
0.5
0.48
0.42
0.46
0.64
0.46
0.56
0.48
0.54
0.54
0.54
0.48
0.58
0.5
0.54
0.5
0.54
0.54
0.56
0.58
0.62
0.56
0.52
0.575
0.58
0.54
0.56
0.5
0.56
0.52
0.56
0.62
0.64
0.54
0.6
0.52
0.56
0.6
0.48
0.56
0.48
0.6
0.56
0.44
0.52
0.58
0.48
0.6
0.6
0.54
0.52
0.6
0.66
0.66
0.56
0.525
0.72
0.64
0.62
0.58
0.72
0.56
0.54
0.62
0.62
0.7
0.52
0.6
0.68
0.52
0.66
0.58
0.56
0.56
0.68
0.62
0.52
0.56
0.62
0.7
0.66
0.62
0.62
0.6
0.56
0.6
0.72
0.66
0.66
0.575
0.5
0.64
0.58
0.68
0.72
0.66
0.72
0.7
0.6
0.76
0.58
0.62
0.62
0.6
0.68
0.64
0.6
0.7
0.66
0.66
0.6
0.64
0.66
0.64
0.62
0.72
0.64
0.68
0.74
0.68
0.575
0.6
0.72
0.6
0.6
0.64
0.64
0.68
0.6
0.62
0.65
0.58
0.7
0.6
0.64
0.7
0.7
0.6
0.64
0.6
0.66
0.64
0.72
0.64
0.66
0.74
0.68
0.62
0.66
0.56
0.6
0.6
0.64
0.6
0.7
0.74
0.68
0.7
0.7
0.68
0.66
0.7
0.72
0.76
0.72
0.76
0.68
0.72
0.75
0.58
0.7
0.74
0.68
0.74
0.7
0.76
0.72
0.68
0.86
0.74
0.68
0.72
0.68
0.62
0.8
0.68
0.82
0.68
0.725
0.76
0.68
0.74
0.74
0.64
0.72
0.72
0.76
0.8
0.76
0.74
0.8
0.7
0.74
0.76
0.72
0.78
0.74
0.8
0.78
0.64
0.82
0.68
0.78
0.72
0.72
0.72
0.76
0.76
0.72
0.74
0.64
0.72
0.68
0.76
0.68
0.74
0.8
0.62
0.775
0.78
0.75
0.6
0.78
0.72
0.76
0.825
0.72
0.78
0.78
0.84
0.74
0.82
0.82
0.72
0.7
0.8
0.74
0.82
0.76
0.74
0.86
0.76
0.8
0.78
0.84
0.8
0.78
0.82
0.8
0.9
0.88
0.84
0.82
0.78
0.74
0.7
0.74
0.76
0.85
0.8
0.82
0.78
0.82
0.82
0.9
0.34
0.24
0.12
0.24
0.28
0.28
0.4
0.28
0.28
0.28
0.3
0.22
0.26
0.2
0.16
0.2
0.26
0.26
0.38
0.4
0.34
0.175
0.32
0.28
0.32
0.32
0.26
0.28
0.34
0.34
0.3
0.22
0.24
0.36
0.34
0.3
0.32
0.38
0.4
0.28
0.32
0.36
0.36
0.44
0.46
0.38
0.38
0.36
0.24
0.3
0.34
0.3
0.34
0.22
0.36
0.32
0.44
0.36
0.46
0.42
0.44
0.3
0.34
0.36
0.44
0.38
0.46
0.38
0.22
0.28
0.42
0.4
0.36
0.28
0.4
0.44
0.26
0.36
0.42
0.48
0.4
0.42
0.34
0.44
0.34
0.38
0.2
0.46
0.34
0.36
0.34
0.46
0.4
0.3
0.3
0.28
0.54
0.5
0.3
0.36
0.4
0.44
0.44
0.26
0.475
0.44
0.42
0.36
0.44
0.44
0.48
0.4
0.5
0.4
0.4
0.38
0.46
0.28
0.34
0.4
0.36
0.48
0.36
0.4
0.44
0.6
0.38
0.42
0.5
0.4
0.58
0.48
0.38
0.48
0.54
0.44
0.5
0.475
0.44
0.48
0.64
0.52
0.54
0.54
0.5
0.48
0.44
0.52
0.58
0.38
0.62
0.38
0.58
0.5
0.475
0.52
0.48
0.42
0.32
0.38
0.54
0.4
0.54
0.44
0.5
0.52
0.5
0.46
0.58
0.5
0.42
0.56
0.5
0.48
0.62
0.4
0.46
0.44
0.42
0.54
0.46
0.52
0.42
0.42
0.52
0.48
0.48
0.42
0.52
0.52
0.54
0.5
0.48
0.44
0.52
0.58
0.5
0.52
0.46
0.54
0.5
0.44
0.54
0.52
0.54
0.52
0.5
0.46
0.42
0.48
0.52
0.44
0.44
0.46
0.52
0.48
0.5
0.6
0.54
0.58
0.42
0.36
0.44
0.42
0.5
0.42
0.42
0.44
0.58
0.48
0.55
0.66
0.5
0.58
0.62
0.64
0.58
0.54
0.52
0.5
0.56
0.6
0.54
0.5
0.52
0.52
0.54
0.5
0.62
0.62
0.525
0.6
0.5
0.48
0.62
0.52
0.54
0.6
0.5
0.62
0.52
0.6
0.58
0.64
0.52
0.6
0.5
0.58
0.56
0.5
0.58
0.625
0.52
0.45
0.6
0.66
0.56
0.425
0.6
0.58
0.5
0.56
0.62
0.56
0.62
0.5
0.38
0.48
0.56
0.64
0.52
0.52
0.4
0.66
0.58
0.44
0.62
0.54
0.5
0.575
0.52
0.64
0.5
0.56
0.62
0.62
0.5
0.54
0.62
0.625
0.48
0.54
0.58
0.625
0.6
0.52
0.54
0.56
0.56
0.56
0.62
0.48
0.54
0.58
0.52
0.54
0.52
0.64
0.6
0.6
0.68
0.66
0.72
0.66
0.64
0.66
0.48
0.62
0.7
0.68
0.56
0.6
0.68
0.68
0.6
0.7
0.6
0.7
0.62
0.6
0.68
0.66
0.66
0.56
0.675
0.66
0.62
0.64
0.66
0.58
0.6
0.68
0.66
0.6
0.68
0.7
0.675
0.675
0.62
0.72
0.675
0.66
0.64
0.66
0.6
0.66
0.68
0.58
0.62
0.72
0.62
0.6
0.7
0.68
0.72
0.58
0.66
0.66
0.58
0.68
0.64
0.62
0.58
0.62
0.66
0.7
0.66
0.62
0.74
0.65
0.66
0.52
0.7
0.64
0.74
0.66
0.54
0.64
0.58
0.6
0.66
0.66
0.58
0.66
0.66
0.66
0.66
0.6
0.68
0.62
0.72
0.72
0.66
0.58
0.68
0.62
0.7
0.76
0.72
0.74
0.62
0.68
0.6
0.62
0.6
0.64
0.66
0.6
0.6
0.64
0.7
0.62
0.625
0.68
0.68
0.62
0.72
0.78
0.74
0.72
0.72
0.74
0.68
0.8
0.78
0.76
0.76
0.74
0.72
0.82
0.7
0.72
0.78
0.68
0.78
0.8
0.64
0.66
0.74
0.72
0.7
0.76
0.76
0.66
0.72
0.66
0.7
0.76
0.74
0.74
0.66
0.7
0.68
0.78
0.68
0.68
0.65
0.78
0.56
0.72
0.68
0.72
0.72
0.8
0.72
0.74
0.82
0.68
0.74
0.7
0.8
0.7
0.72
0.76
0.74
0.74
0.74
0.84
0.78
0.82
0.88
0.76
0.84
0.88
0.78
0.86
0.88
0.7
0.8
0.86
0.76
0.88
0.84
0.8
0.84
0.78
0.84
